{
 "cells": [
  {
   "cell_type": "markdown",
   "id": "fed637bc",
   "metadata": {},
   "source": [
    "# MPC IP Driver\n",
    "MPC con ADMM. Inicialización con matrices de entrada, luego cada iteración se ingresa x0 y se obtiene u0.\n",
    "Interfaz axilite, array partition complete de las columnas de las matrices de entrada y array partition parcial del vector h."
   ]
  },
  {
   "cell_type": "markdown",
   "id": "ad0498dc",
   "metadata": {},
   "source": [
    "\n",
    "### Driver especializado\n",
    "Con ARRAY_PARTITON de las columnas de las matrices de entrada. "
   ]
  },
  {
   "cell_type": "code",
   "execution_count": 10,
   "id": "2f4fbc89",
   "metadata": {},
   "outputs": [],
   "source": [
    "from pynq import DefaultIP\n",
    "import struct\n",
    "\n",
    "class mpcDriver(DefaultIP):\n",
    "    \n",
    "    # IP Register Map\n",
    "    CTRL_REG = 0x0000\n",
    "    GIE_REG = 0x0004\n",
    "    INTE_REG = 0x0008\n",
    "    INTS_REG = 0x000C\n",
    "    r0_REG = 0x0010\n",
    "    u0_REG = 0x1a68\n",
    "    u0_CTRL_REG = 0x1a6c\n",
    "    x0_REG = 0x0018\n",
    "    x1_REG = 0x1a60\n",
    "    hqp_REG = [0x0020, 0x1a40]\n",
    "    Rinv_REG = [0x1a80, 0x1ac0, 0x1b00, 0x1b40, 0x1b80, 0x1bc0, 0x1c00, 0x1c40, 0x1c80, 0x1cc0, 0x1d00, 0x1d40, 0x1d80, 0x1dc0]\n",
    "    Mhat_REG = [0x0100, 0x0200, 0x0300, 0x0400, 0x0500, 0x0600, 0x0700, 0x0800, 0x0900, 0x0a00, 0x0b00, 0x0c00, 0x0d00, 0x0e00]\n",
    "    RhoMtneg_REG = [0x0040, 0x0080, 0x00c0, 0x0f00, 0x0f40, 0x0f80, 0x0fc0, 0x1000, 0x1040, 0x1080, 0x10c0, 0x1100, \n",
    "                    0x1140, 0x1180, 0x11c0, 0x1200, 0x1240, 0x1280, 0x12c0, 0x1300, 0x1340, 0x1380, 0x13c0, 0x1400, \n",
    "                    0x1440, 0x1480, 0x14c0, 0x1500, 0x1540, 0x1580, 0x15c0, 0x1600, 0x1640, 0x1680, 0x16c0, 0x1700, \n",
    "                    0x1740, 0x1780, 0x17c0, 0x1800, 0x1840, 0x1880, 0x18c0, 0x1900, 0x1940, 0x1980, 0x19c0, 0x1a00]\n",
    "    \n",
    "    N_SYS = 2;\n",
    "    N_QP = 14;\n",
    "    M_QP = 48;\n",
    "    \n",
    "    def __init__(self, description):\n",
    "        super().__init__(description=description)\n",
    "        self.time_start = 0\n",
    "        self.time_stop = 0\n",
    "\n",
    "    bindto = ['xilinx.com:hls:mpc_sparse_admm_iteration:1.0']\n",
    "\n",
    "    def is_ready(self):\n",
    "        state = self.read(mpcDriver.CTRL_REG)\n",
    "        return (state >> 3) & 0x01\n",
    "\n",
    "    def is_done(self):\n",
    "        state = self.read(mpcDriver.CTRL_REG)\n",
    "        return (state >> 1) & 0x01\n",
    "\n",
    "    def is_idle(self):\n",
    "        state = self.read(mpcDriver.CTRL_REG)\n",
    "        return (state >> 2) & 0x01\n",
    "\n",
    "    def start(self):\n",
    "        self.write(mpcDriver.CTRL_REG, 0x00000001)\n",
    "\n",
    "    def write_Mhat(self, data):\n",
    "        if (len(data)!=self.M_QP) or (len(data[0])!=self.N_QP) :\n",
    "            printf(\"Size error\")\n",
    "        else:\n",
    "            for col in range(0, self.N_QP):\n",
    "                offset = mpcDriver.Mhat_REG[col]\n",
    "                for row in range (0, self.M_QP):\n",
    "                    word_item = struct.pack(\"f\", data[row][col])\n",
    "                    #print(f\"ADDRESS     : {hex(offset)}\")\n",
    "                    #print(f\"DATA (float): {data[row][col]}\")\n",
    "                    #print(f\"DATA (hex)  : 0x{word_item.hex()}\")\n",
    "                    #print(f\"DATA (uint) : {int.from_bytes(word_item, 'little')}\")\n",
    "                    self.write(offset, int.from_bytes(word_item,'little'))\n",
    "                    offset = offset + 4\n",
    "    \n",
    "    def write_RhoMtneg(self, data):\n",
    "        if (len(data)!=self.N_QP) or (len(data[0])!=self.M_QP) :\n",
    "            printf(\"Size error\")\n",
    "        else:\n",
    "            for col in range(0, self.M_QP):\n",
    "                offset = mpcDriver.RhoMtneg_REG[col]\n",
    "                for row in range(0, self.N_QP):\n",
    "                    word_item = struct.pack(\"f\", data[row][col])\n",
    "                    self.write(offset, int.from_bytes(word_item,'little'))\n",
    "                    offset = offset + 4\n",
    "    \n",
    "    def write_hqp(self, data):\n",
    "        if (len(data)!=self.N_QP):\n",
    "            printf(\"Size error\")\n",
    "        else:\n",
    "            i = 0\n",
    "            for j in range(0,2):\n",
    "                offset = mpcDriver.hqp_REG[j]\n",
    "                for k in range(0, int(self.N_QP/2)):\n",
    "                    word_item = struct.pack(\"f\", data[i])\n",
    "                    self.write(offset, int.from_bytes(word_item,'little'))\n",
    "                    offset = offset + 4\n",
    "                    i = i+1\n",
    "    \n",
    "    def write_Rinv(self, data):\n",
    "        if (len(data)!=self.N_QP) or (len(data[0])!=self.N_QP) :\n",
    "            printf(\"Size error\")\n",
    "        else:\n",
    "            for col in range(0, self.N_QP):\n",
    "                offset = mpcDriver.Rinv_REG[col]\n",
    "                for row in range(0, self.N_QP):\n",
    "                    word_item = struct.pack(\"f\", data[row][col])\n",
    "                    self.write(offset, int.from_bytes(word_item,'little'))\n",
    "                    offset = offset + 4 \n",
    "\n",
    "    def write_x0(self, data):\n",
    "        if (len(data)!=self.N_SYS):\n",
    "            printf(\"Size error\")\n",
    "        else:\n",
    "            # START TIMING\n",
    "            #self.time_start = time.time_ns()\n",
    "            #self.time_start = time.perf_counter_ns()\n",
    "            offset = mpcDriver.x0_REG\n",
    "            data_bytes = map(lambda x : struct.pack(\"f\", x), data)\n",
    "            for index, word_item in enumerate(data_bytes):\n",
    "                self.write(offset, int.from_bytes(word_item,'little'))\n",
    "                offset = offset + 4\n",
    "    \n",
    "    def read_u0(self):\n",
    "        #STOP TIMING\n",
    "        #self.time_stop = time.time_ns()\n",
    "        #self.time_stop = time.perf_counter_ns()\n",
    "        if (self.read(mpcDriver.u0_CTRL_REG)):\n",
    "            u0 = self.read(mpcDriver.u0_REG)\n",
    "            print(u0)\n",
    "            return struct.unpack(\"f\", u0.to_bytes(4,'little'))[0]\n",
    "        return 1\n",
    "\n",
    "    def get_extime(self):\n",
    "        return self.time_stop-self.time_start"
   ]
  },
  {
   "cell_type": "markdown",
   "id": "ee10d5c7",
   "metadata": {},
   "source": [
    "### Test"
   ]
  },
  {
   "cell_type": "code",
   "execution_count": 12,
   "id": "c2d984ad",
   "metadata": {},
   "outputs": [],
   "source": [
    "from pynq import Overlay\n",
    "overlay = Overlay('/home/xilinx/pynq/overlays/mpc/mpc_opun02.bit')\n",
    "mpc_ip = overlay.mpc_sparse_admm_iter_0"
   ]
  },
  {
   "cell_type": "code",
   "execution_count": 32,
   "id": "e8f0b78f",
   "metadata": {},
   "outputs": [],
   "source": [
    "M_hat =  [[1.0, 0.0, 0.0, 0.0, 0.0, 0.0, 0.0, 0.0, 0.0, 0.0, 0.0, 0.0, 0.0, 0.0],\n",
    "          [0.0, 1.0, 0.0, 0.0, 0.0, 0.0, 0.0, 0.0, 0.0, 0.0, 0.0, 0.0, 0.0, 0.0],\n",
    "          [-1.0, 0.0, 0.0, 0.0, 0.0, 0.0, 0.0, 0.0, 0.0, 0.0, 0.0, 0.0, 0.0, 0.0],\n",
    "          [0.0,-1.0, 0.0, 0.0, 0.0, 0.0, 0.0, 0.0, 0.0, 0.0, 0.0, 0.0, 0.0, 0.0],\n",
    "          [0.0, 0.0, 1.0, 0.0, 0.0, 0.0, 0.0, 0.0, 0.0, 0.0, 0.0, 0.0, 0.0, 0.0],\n",
    "          [0.0, 0.0, 0.0, 1.0, 0.0, 0.0, 0.0, 0.0, 0.0, 0.0, 0.0, 0.0, 0.0, 0.0],\n",
    "          [0.0, 0.0,-1.0, 0.0, 0.0, 0.0, 0.0, 0.0, 0.0, 0.0, 0.0, 0.0, 0.0, 0.0],\n",
    "          [0.0, 0.0, 0.0,-1.0, 0.0, 0.0, 0.0, 0.0, 0.0, 0.0, 0.0, 0.0, 0.0, 0.0],\n",
    "          [0.0, 0.0, 0.0, 0.0, 1.0, 0.0, 0.0, 0.0, 0.0, 0.0, 0.0, 0.0, 0.0, 0.0],\n",
    "          [0.0, 0.0, 0.0, 0.0, 0.0, 1.0, 0.0, 0.0, 0.0, 0.0, 0.0, 0.0, 0.0, 0.0],\n",
    "          [0.0, 0.0, 0.0, 0.0,-1.0, 0.0, 0.0, 0.0, 0.0, 0.0, 0.0, 0.0, 0.0, 0.0],\n",
    "          [0.0, 0.0, 0.0, 0.0, 0.0,-1.0, 0.0, 0.0, 0.0, 0.0, 0.0, 0.0, 0.0, 0.0],\n",
    "          [0.0, 0.0, 0.0, 0.0, 0.0, 0.0, 1.0, 0.0, 0.0, 0.0, 0.0, 0.0, 0.0, 0.0],\n",
    "          [0.0, 0.0, 0.0, 0.0, 0.0, 0.0, 0.0, 1.0, 0.0, 0.0, 0.0, 0.0, 0.0, 0.0],\n",
    "          [0.0, 0.0, 0.0, 0.0, 0.0, 0.0,-1.0, 0.0, 0.0, 0.0, 0.0, 0.0, 0.0, 0.0],\n",
    "          [0.0, 0.0, 0.0, 0.0, 0.0, 0.0, 0.0,-1.0, 0.0, 0.0, 0.0, 0.0, 0.0, 0.0],\n",
    "          [0.0, 0.0, 0.0, 0.0, 0.0, 0.0, 0.0, 0.0, 1.0, 0.0, 0.0, 0.0, 0.0, 0.0],\n",
    "          [0.0, 0.0, 0.0, 0.0, 0.0, 0.0, 0.0, 0.0, 0.0, 1.0, 0.0, 0.0, 0.0, 0.0],\n",
    "          [0.0, 0.0, 0.0, 0.0, 0.0, 0.0, 0.0, 0.0,-1.0, 0.0, 0.0, 0.0, 0.0, 0.0],\n",
    "          [0.0, 0.0, 0.0, 0.0, 0.0, 0.0, 0.0, 0.0, 0.0,-1.0, 0.0, 0.0, 0.0, 0.0],\n",
    "          [0.0, 0.0, 0.0, 0.0, 0.0, 0.0, 0.0, 0.0, 0.0, 0.0, 1.0, 0.0, 0.0, 0.0],\n",
    "          [0.0, 0.0, 0.0, 0.0, 0.0, 0.0, 0.0, 0.0, 0.0, 0.0,-1.0, 0.0, 0.0, 0.0],\n",
    "          [0.0, 0.0, 0.0, 0.0, 0.0, 0.0, 0.0, 0.0, 0.0, 0.0, 0.0, 1.0, 0.0, 0.0],\n",
    "          [0.0, 0.0, 0.0, 0.0, 0.0, 0.0, 0.0, 0.0, 0.0, 0.0, 0.0,-1.0, 0.0, 0.0],\n",
    "          [0.0, 0.0, 0.0, 0.0, 0.0, 0.0, 0.0, 0.0, 0.0, 0.0, 0.0, 0.0, 1.0, 0.0],\n",
    "          [0.0, 0.0, 0.0, 0.0, 0.0, 0.0, 0.0, 0.0, 0.0, 0.0, 0.0, 0.0,-1.0, 0.0],\n",
    "          [0.0, 0.0, 0.0, 0.0, 0.0, 0.0, 0.0, 0.0, 0.0, 0.0, 0.0, 0.0, 0.0, 1.0],\n",
    "          [0.0, 0.0, 0.0, 0.0, 0.0, 0.0, 0.0, 0.0, 0.0, 0.0, 0.0, 0.0, 0.0,-1.0],        \n",
    "          [-1.0, 0.0, 0.0, 0.0, 0.0, 0.0, 0.0, 0.0, 0.0, 0.0, 0.0, 0.0, 0.0, 0.0],\n",
    "          [0.0,-1.0, 0.0, 0.0, 0.0, 0.0, 0.0, 0.0, 0.0, 0.0, 0.0, 0.0, 0.0, 0.0],\n",
    "          [0.9725, 0.0,-1.0, 0.0, 0.0, 0.0, 0.0, 0.0, 0.0, 0.0, 0.0385, 0.0, 0.0, 0.0],\n",
    "          [0.001, 1.0, 0.0,-1.0, 0.0, 0.0, 0.0, 0.0, 0.0, 0.0, 0.0, 0.0, 0.0, 0.0],\n",
    "          [0.0, 0.0, 0.9725, 0.0,-1.0, 0.0, 0.0, 0.0, 0.0, 0.0, 0.0, 0.0385, 0.0, 0.0],\n",
    "          [0.0, 0.0, 0.001, 1.0, 0.0,-1.0, 0.0, 0.0, 0.0, 0.0, 0.0, 0.0, 0.0, 0.0],\n",
    "          [0.0, 0.0, 0.0, 0.0, 0.9725, 0.0,-1.0, 0.0, 0.0, 0.0, 0.0, 0.0, 0.0385, 0.0],\n",
    "          [0.0, 0.0, 0.0, 0.0, 0.001, 1.0, 0.0,-1.0, 0.0, 0.0, 0.0, 0.0, 0.0, 0.0],\n",
    "          [0.0, 0.0, 0.0, 0.0, 0.0, 0.0, 0.9725, 0.0, 1.0, 0.0, 0.0, 0.0, 0.0, 0.0385],\n",
    "          [0.0, 0.0, 0.0, 0.0, 0.0, 0.0, 0.001, 1.0, 0.0, 1.0, 0.0, 0.0, 0.0, 0.0],\n",
    "          [1.0, 0.0, 0.0, 0.0, 0.0, 0.0, 0.0, 0.0, 0.0, 0.0, 0.0, 0.0, 0.0, 0.0],\n",
    "          [0.0, 1.0, 0.0, 0.0, 0.0, 0.0, 0.0, 0.0, 0.0, 0.0, 0.0, 0.0, 0.0, 0.0],\n",
    "          [-0.9725, 0.0, 1.0, 0.0, 0.0, 0.0, 0.0, 0.0, 0.0, 0.0,-0.0385, 0.0, 0.0, 0.0],\n",
    "          [-0.001,-1.0, 0.0, 1.0, 0.0, 0.0, 0.0, 0.0, 0.0, 0.0, 0.0, 0.0, 0.0, 0.0],\n",
    "          [0.0, 0.0,-0.9725, 0.0, 1.0, 0.0, 0.0, 0.0, 0.0, 0.0, 0.0,-0.0385, 0.0, 0.0],\n",
    "          [0.0, 0.0,-0.001,-1.0, 0.0, 1.0, 0.0, 0.0, 0.0, 0.0, 0.0, 0.0, 0.0, 0.0],\n",
    "          [0.0, 0.0, 0.0, 0.0,-0.9725, 0.0, 1.0, 0.0, 0.0, 0.0, 0.0, 0.0,-0.0385, 0.0],\n",
    "          [0.0, 0.0, 0.0, 0.0,-0.001,-1.0, 0.0, 1.0, 0.0, 0.0, 0.0, 0.0, 0.0, 0.0],\n",
    "          [0.0, 0.0, 0.0, 0.0, 0.0, 0.0,-0.9725, 0.0,-1.0, 0.0, 0.0, 0.0, 0.0,-0.0385],\n",
    "          [0.0, 0.0, 0.0, 0.0, 0.0, 0.0,-0.001,-1.0, 0.0,-1.0, 0.0, 0.0, 0.0, 0.0]]\n",
    "\n",
    "h_qp = [0.0, 0.0, 0.0, 0.0, 0.0, 0.0, 0.0, 0.0, 0.0, 0.0, 0.0, 0.0, 0.0, 0.0]\n",
    "\n",
    "R_inv = [[ 3.0803e-03,-8.6322e-07, 1.1617e-03, 4.3977e-07, 4.4042e-04, 2.9486e-07, 1.7305e-04,-2.6384e-07,-8.4035e-05, 1.3520e-06,-7.0511e-05,-2.6505e-05,-9.8146e-06,-3.2397e-06],\n",
    "         [-8.6322e-07, 3.0221e-03,-7.1661e-07, 1.1491e-03,-5.8172e-07, 4.3430e-04,-7.6465e-07, 1.5726e-04, 1.6151e-06,-3.8731e-05,-3.1454e-08,-9.3781e-09,-1.3001e-08,-3.5802e-08],\n",
    "         [ 1.1617e-03,-7.1661e-07, 3.5225e-03,-1.0081e-06, 1.3354e-03, 9.0587e-09, 5.2472e-04,-1.1204e-06,-2.5481e-04, 4.1784e-06, 9.2005e-05,-8.0366e-05,-2.9759e-05,-9.8232e-06],\n",
    "         [ 4.3977e-07, 1.1491e-03,-1.0081e-06, 3.4564e-03,-1.3148e-06, 1.3063e-03,-2.1291e-06, 4.7303e-04, 4.7753e-06,-1.1650e-04,-1.0642e-08,-5.4387e-08,-4.8800e-08,-1.1089e-07],\n",
    "         [ 4.4042e-04,-5.8172e-07, 1.3354e-03,-1.3148e-06, 3.6067e-03,-2.4893e-06, 1.4172e-03,-3.9364e-06,-6.8820e-04, 1.1509e-05, 3.4881e-05, 8.8750e-05,-8.0374e-05,-2.6530e-05],\n",
    "         [ 2.9486e-07, 4.3430e-04, 9.0587e-09, 1.3063e-03,-2.4893e-06, 3.4951e-03,-5.2923e-06, 1.2656e-03, 1.2580e-05,-3.1169e-04, 6.1665e-09,-5.3781e-08,-1.5348e-07,-3.0425e-07],\n",
    "         [ 1.7305e-04,-7.6465e-07, 5.2472e-04,-2.1291e-06, 1.4172e-03,-5.2923e-06, 3.7702e-03,-1.2909e-05,-1.8309e-03, 3.1219e-05, 1.3706e-05, 3.4872e-05, 9.1979e-05,-7.0580e-05],\n",
    "         [-2.6384e-07, 1.5726e-04,-1.1204e-06, 4.7303e-04,-3.9364e-06, 1.2656e-03,-1.2909e-05, 3.3338e-03, 3.2637e-05,-8.2104e-04,-2.7118e-08,-9.4155e-08,-3.0922e-07,-8.2077e-07],\n",
    "         [-8.4035e-05, 1.6151e-06,-2.5481e-04, 4.7753e-06,-6.8820e-04, 1.2580e-05,-1.8309e-03, 3.2637e-05, 4.8606e-03,-8.4461e-05,-6.6555e-06,-1.6934e-05,-4.4667e-05,-1.1843e-04],\n",
    "         [ 1.3520e-06,-3.8731e-05, 4.1784e-06,-1.1650e-04, 1.1509e-05,-3.1169e-04, 3.1219e-05,-8.2104e-04,-8.4461e-05, 2.1579e-03, 1.0861e-07, 2.8254e-07, 7.6022e-07, 2.0545e-06],\n",
    "         [-7.0511e-05,-3.1454e-08, 9.2005e-05,-1.0642e-08, 3.4881e-05, 6.1665e-09, 1.3706e-05,-2.7118e-08,-6.6555e-06, 1.0861e-07, 7.9292e-03,-2.0991e-06,-7.7730e-07,-2.5658e-07],\n",
    "         [-2.6505e-05,-9.3781e-09,-8.0366e-05,-5.4387e-08, 8.8750e-05,-5.3781e-08, 3.4872e-05,-9.4155e-08,-1.6934e-05, 2.8254e-07,-2.0991e-06, 7.9295e-03,-1.9778e-06,-6.5283e-07],\n",
    "         [-9.8146e-06,-1.3001e-08,-2.9759e-05,-4.8800e-08,-8.0374e-05,-1.5348e-07, 9.1979e-05,-3.0922e-07,-4.4667e-05, 7.6022e-07,-7.7730e-07,-1.9778e-06, 7.9296e-03,-1.7219e-06],\n",
    "         [-3.2397e-06,-3.5802e-08,-9.8232e-06,-1.1089e-07,-2.6530e-05,-3.0425e-07,-7.0580e-05,-8.2077e-07,-1.1843e-04, 2.0545e-06,-2.5658e-07,-6.5283e-07,-1.7219e-06, 7.9303e-03]]\n",
    "\n",
    "RhoMt_neg = [[-62.9634, 0.0,62.9634, 0.0, 0.0, 0.0, 0.0, 0.0, 0.0, 0.0, 0.0, 0.0, 0.0, 0.0, 0.0, 0.0, 0.0, 0.0, 0.0, 0.0, 0.0, 0.0, 0.0, 0.0, 0.0, 0.0, 0.0, 0.0, 62.9634, 0.0,-61.2298,-0.0621, 0.0, 0.0, 0.0, 0.0, 0.0, 0.0,-62.9634, 0.0, 61.2298, 0.0621, 0.0, 0.0, 0.0, 0.0, 0.0, 0.0],\n",
    "             [0.0,-62.9634, 0.0, 62.9634, 0.0, 0.0, 0.0, 0.0, 0.0, 0.0, 0.0, 0.0, 0.0, 0.0, 0.0, 0.0, 0.0, 0.0, 0.0, 0.0, 0.0, 0.0, 0.0, 0.0, 0.0, 0.0, 0.0, 0.0, 0.0, 62.9634, 0.0,-62.9634,    0.0, 0.0, 0.0, 0.0, 0.0, 0.0, 0.0,-62.9634, 0.0, 62.9634,    0.0, 0.0, 0.0, 0.0, 0.0, 0.0],\n",
    "             [0.0, 0.0, 0.0, 0.0,-62.9634, 0.0, 62.9634, 0.0, 0.0, 0.0, 0.0, 0.0, 0.0, 0.0, 0.0, 0.0, 0.0, 0.0, 0.0, 0.0, 0.0, 0.0, 0.0, 0.0, 0.0, 0.0, 0.0, 0.0, 0.0, 0.0, 62.9634, 0.0,-61.2298,-0.0621, 0.0, 0.0, 0.0, 0.0, 0.0, 0.0,-62.9634, 0.0, 61.2298, 0.0621, 0.0, 0.0, 0.0, 0.0],\n",
    "             [0.0, 0.0, 0.0, 0.0, 0.0,-62.9634, 0.0, 62.9634, 0.0, 0.0, 0.0, 0.0, 0.0, 0.0, 0.0, 0.0, 0.0, 0.0, 0.0, 0.0, 0.0, 0.0, 0.0, 0.0, 0.0, 0.0, 0.0, 0.0, 0.0, 0.0, 0.0, 62.9634, 0.0,-62.9634,    0.0, 0.0, 0.0, 0.0, 0.0, 0.0, 0.0,-62.9634, 0.0, 62.9634,    0.0, 0.0, 0.0, 0.0],\n",
    "             [0.0, 0.0, 0.0, 0.0, 0.0, 0.0, 0.0, 0.0,-62.9634, 0.0, 62.9634, 0.0, 0.0, 0.0, 0.0, 0.0, 0.0, 0.0, 0.0, 0.0, 0.0, 0.0, 0.0, 0.0, 0.0, 0.0, 0.0, 0.0, 0.0, 0.0, 0.0, 0.0, 62.9634, 0.0,-61.2298,-0.0621, 0.0, 0.0, 0.0, 0.0, 0.0, 0.0,-62.9634, 0.0, 61.2298, 0.0621, 0.0, 0.0],\n",
    "             [0.0, 0.0, 0.0, 0.0, 0.0, 0.0, 0.0, 0.0, 0.0,-62.9634, 0.0, 62.9634, 0.0, 0.0, 0.0, 0.0, 0.0, 0.0, 0.0, 0.0, 0.0, 0.0, 0.0, 0.0, 0.0, 0.0, 0.0, 0.0, 0.0, 0.0, 0.0, 0.0, 0.0, 62.9634, 0.0,-62.9634,    0.0, 0.0, 0.0, 0.0, 0.0, 0.0, 0.0,-62.9634, 0.0, 62.9634,    0.0, 0.0],\n",
    "             [0.0, 0.0, 0.0, 0.0, 0.0, 0.0, 0.0, 0.0, 0.0, 0.0, 0.0, 0.0,-62.9634, 0.0, 62.9634, 0.0, 0.0, 0.0, 0.0, 0.0, 0.0, 0.0, 0.0, 0.0, 0.0, 0.0, 0.0, 0.0, 0.0, 0.0, 0.0, 0.0, 0.0, 0.0, 62.9634, 0.0,-61.2298,-0.0621, 0.0, 0.0, 0.0, 0.0, 0.0, 0.0,-62.9634, 0.0, 61.2298, 0.0621],\n",
    "             [0.0, 0.0, 0.0, 0.0, 0.0, 0.0, 0.0, 0.0, 0.0, 0.0, 0.0, 0.0, 0.0,-62.9634, 0.0, 62.9634, 0.0, 0.0, 0.0, 0.0, 0.0, 0.0, 0.0, 0.0, 0.0, 0.0, 0.0, 0.0, 0.0, 0.0, 0.0, 0.0, 0.0, 0.0, 0.0, 62.9634, 0.0,-62.9634,    0.0, 0.0, 0.0, 0.0, 0.0, 0.0, 0.0,-62.9634, 0.0, 62.9634],\n",
    "             [0.0, 0.0, 0.0, 0.0, 0.0, 0.0, 0.0, 0.0, 0.0, 0.0, 0.0, 0.0, 0.0, 0.0, 0.0, 0.0,-62.9634, 0.0, 62.9634, 0.0, 0.0, 0.0, 0.0, 0.0, 0.0, 0.0, 0.0, 0.0, 0.0, 0.0, 0.0, 0.0, 0.0, 0.0, 0.0, 0.0,-62.9634, 0.0, 0.0, 0.0, 0.0, 0.0, 0.0, 0.0, 0.0, 0.0, 62.9634, 0.0],\n",
    "             [0.0, 0.0, 0.0, 0.0, 0.0, 0.0, 0.0, 0.0, 0.0, 0.0, 0.0, 0.0, 0.0, 0.0, 0.0, 0.0, 0.0,-62.9634, 0.0, 62.9634, 0.0, 0.0, 0.0, 0.0, 0.0, 0.0, 0.0, 0.0, 0.0, 0.0, 0.0, 0.0, 0.0, 0.0, 0.0, 0.0, 0.0,-62.9634, 0.0, 0.0, 0.0, 0.0, 0.0, 0.0, 0.0, 0.0, 0.0, 62.9634],\n",
    "             [0.0, 0.0, 0.0, 0.0, 0.0, 0.0, 0.0, 0.0, 0.0, 0.0, 0.0, 0.0, 0.0, 0.0, 0.0, 0.0, 0.0, 0.0, 0.0, 0.0,-62.9634, 62.9634, 0.0, 0.0, 0.0, 0.0, 0.0, 0.0, 0.0, 0.0,-2.4226,-0.0012, 0.0, 0.0, 0.0, 0.0, 0.0, 0.0, 0.0, 0.0, 2.4266, 0.0012, 0.0, 0.0, 0.0, 0.0, 0.0, 0.0],\n",
    "             [0.0, 0.0, 0.0, 0.0, 0.0, 0.0, 0.0, 0.0, 0.0, 0.0, 0.0, 0.0, 0.0, 0.0, 0.0, 0.0, 0.0, 0.0, 0.0, 0.0, 0.0, 0.0,-62.9634, 62.9634, 0.0, 0.0, 0.0, 0.0, 0.0, 0.0, 0.0, 0.0,-2.4226,-0.0012, 0.0, 0.0, 0.0, 0.0, 0.0, 0.0, 0.0, 0.0, 2.4266, 0.0012, 0.0, 0.0, 0.0, 0.0],\n",
    "             [0.0, 0.0, 0.0, 0.0, 0.0, 0.0, 0.0, 0.0, 0.0, 0.0, 0.0, 0.0, 0.0, 0.0, 0.0, 0.0, 0.0, 0.0, 0.0, 0.0, 0.0, 0.0, 0.0, 0.0,-62.9634, 62.9634, 0.0, 0.0, 0.0, 0.0, 0.0, 0.0, 0.0, 0.0,-2.4226,-0.0012, 0.0, 0.0, 0.0, 0.0, 0.0, 0.0, 0.0, 0.0, 2.4266, 0.0012, 0.0, 0.0],\n",
    "             [0.0, 0.0, 0.0, 0.0, 0.0, 0.0, 0.0, 0.0, 0.0, 0.0, 0.0, 0.0, 0.0, 0.0, 0.0, 0.0, 0.0, 0.0, 0.0, 0.0, 0.0, 0.0, 0.0, 0.0, 0.0, 0.0,-62.9634, 62.9634, 0.0, 0.0, 0.0, 0.0, 0.0, 0.0, 0.0, 0.0,-2.4226,-0.0012, 0.0, 0.0, 0.0, 0.0, 0.0, 0.0, 0.0, 0.0, 2.4266, 0.0012]]\n"
   ]
  },
  {
   "cell_type": "code",
   "execution_count": 33,
   "id": "49f549fa",
   "metadata": {},
   "outputs": [],
   "source": [
    "mpc_ip.write_Mhat(M_hat)\n",
    "mpc_ip.write_hqp(h_qp)\n",
    "mpc_ip.write_Rinv(R_inv)\n",
    "mpc_ip.write_RhoMtneg(RhoMt_neg)"
   ]
  },
  {
   "cell_type": "code",
   "execution_count": 34,
   "id": "f04fa17f",
   "metadata": {},
   "outputs": [],
   "source": [
    "x0 = [3.0, -1.0]\n",
    "mpc_ip.write_x0(x0)"
   ]
  },
  {
   "cell_type": "code",
   "execution_count": 35,
   "id": "f0f217fe",
   "metadata": {},
   "outputs": [
    {
     "data": {
      "text/plain": [
       "14"
      ]
     },
     "execution_count": 35,
     "metadata": {},
     "output_type": "execute_result"
    }
   ],
   "source": [
    "mpc_ip.start()\n",
    "mpc_ip.read(0x0000)"
   ]
  },
  {
   "cell_type": "code",
   "execution_count": 36,
   "id": "e0361eac",
   "metadata": {},
   "outputs": [
    {
     "data": {
      "text/plain": [
       "4"
      ]
     },
     "execution_count": 36,
     "metadata": {},
     "output_type": "execute_result"
    }
   ],
   "source": [
    "mpc_ip.read(0x0000)"
   ]
  },
  {
   "cell_type": "code",
   "execution_count": 37,
   "id": "58a686b8",
   "metadata": {},
   "outputs": [
    {
     "name": "stdout",
     "output_type": "stream",
     "text": [
      "3204985804\n"
     ]
    },
    {
     "data": {
      "text/plain": [
       "-0.5320403575897217"
      ]
     },
     "execution_count": 37,
     "metadata": {},
     "output_type": "execute_result"
    }
   ],
   "source": [
    "mpc_ip.read_u0()"
   ]
  },
  {
   "cell_type": "code",
   "execution_count": 38,
   "id": "244ff8e3",
   "metadata": {},
   "outputs": [
    {
     "data": {
      "text/plain": [
       "14"
      ]
     },
     "execution_count": 38,
     "metadata": {},
     "output_type": "execute_result"
    }
   ],
   "source": [
    "x0 = [2.89686, -0.997052]\n",
    "mpc_ip.write_x0(x0)\n",
    "mpc_ip.start()\n",
    "mpc_ip.read(0x0000)"
   ]
  },
  {
   "cell_type": "code",
   "execution_count": 39,
   "id": "182579fa",
   "metadata": {},
   "outputs": [
    {
     "name": "stdout",
     "output_type": "stream",
     "text": [
      "3198000348\n"
     ]
    },
    {
     "data": {
      "text/plain": [
       "-0.3078373670578003"
      ]
     },
     "execution_count": 39,
     "metadata": {},
     "output_type": "execute_result"
    }
   ],
   "source": [
    "mpc_ip.read_u0()"
   ]
  },
  {
   "cell_type": "code",
   "execution_count": 40,
   "id": "aa2e296d",
   "metadata": {},
   "outputs": [
    {
     "data": {
      "text/plain": [
       "14"
      ]
     },
     "execution_count": 40,
     "metadata": {},
     "output_type": "execute_result"
    }
   ],
   "source": [
    "x0 = [2.80519, -0.994201]\n",
    "mpc_ip.write_x0(x0)\n",
    "mpc_ip.start()\n",
    "mpc_ip.read(0x0000)"
   ]
  },
  {
   "cell_type": "code",
   "execution_count": 41,
   "id": "e7cc13cc",
   "metadata": {},
   "outputs": [
    {
     "name": "stdout",
     "output_type": "stream",
     "text": [
      "3199650639\n"
     ]
    },
    {
     "data": {
      "text/plain": [
       "-0.3570198714733124"
      ]
     },
     "execution_count": 41,
     "metadata": {},
     "output_type": "execute_result"
    }
   ],
   "source": [
    "mpc_ip.read_u0()"
   ]
  },
  {
   "cell_type": "code",
   "execution_count": 44,
   "id": "98c4e949",
   "metadata": {},
   "outputs": [
    {
     "data": {
      "text/plain": [
       "14"
      ]
     },
     "execution_count": 44,
     "metadata": {},
     "output_type": "execute_result"
    }
   ],
   "source": [
    "mpc_ip.start()\n",
    "mpc_ip.read(0x0000)"
   ]
  },
  {
   "cell_type": "code",
   "execution_count": 45,
   "id": "0c95259d",
   "metadata": {},
   "outputs": [
    {
     "name": "stdout",
     "output_type": "stream",
     "text": [
      "3197259714\n"
     ]
    },
    {
     "data": {
      "text/plain": [
       "-0.28576475381851196"
      ]
     },
     "execution_count": 45,
     "metadata": {},
     "output_type": "execute_result"
    }
   ],
   "source": [
    "mpc_ip.read_u0()"
   ]
  },
  {
   "cell_type": "code",
   "execution_count": 29,
   "id": "6eb80627",
   "metadata": {},
   "outputs": [
    {
     "data": {
      "text/plain": [
       "0"
      ]
     },
     "execution_count": 29,
     "metadata": {},
     "output_type": "execute_result"
    }
   ],
   "source": [
    "mpc_ip.read(0x0028)"
   ]
  },
  {
   "cell_type": "code",
   "execution_count": 13,
   "id": "957a25fd",
   "metadata": {},
   "outputs": [],
   "source": []
  },
  {
   "cell_type": "code",
   "execution_count": 31,
   "id": "cafeb7b1",
   "metadata": {},
   "outputs": [
    {
     "data": {
      "text/plain": [
       "0.0"
      ]
     },
     "execution_count": 31,
     "metadata": {},
     "output_type": "execute_result"
    }
   ],
   "source": [
    "d = mpc_ip.read(0x003c)\n",
    "struct.unpack(\"f\", d.to_bytes(4,'little'))[0]"
   ]
  },
  {
   "cell_type": "code",
   "execution_count": null,
   "id": "bc7ebd9b",
   "metadata": {},
   "outputs": [],
   "source": []
  }
 ],
 "metadata": {
  "kernelspec": {
   "display_name": "Python 3",
   "language": "python",
   "name": "python3"
  },
  "language_info": {
   "codemirror_mode": {
    "name": "ipython",
    "version": 3
   },
   "file_extension": ".py",
   "mimetype": "text/x-python",
   "name": "python",
   "nbconvert_exporter": "python",
   "pygments_lexer": "ipython3",
   "version": "3.8.2"
  }
 },
 "nbformat": 4,
 "nbformat_minor": 5
}
